Python 3.7.0 (v3.7.0:1bf9cc5093, Jun 27 2018, 04:59:51) [MSC v.1914 64 bit (AMD64)] on win32
Type "copyright", "credits" or "license()" for more information.
>>> 
================= RESTART: C:\Users\ANINDYA\Desktop\ML\lr.py =================
^^^^^^^^^^^^^^^^^^^^^^^^^^^^^^^^^^^^^^^^^^^^^^^^^^^^^^^^^^^^^^^^^^^^^^^^^^^^^^^^^^^^^^^^^^^^^^^^^^^^^^^^^^^^^^^^^^^^^^^^^^^^^^
Fold : 1
RSS Value : 130.45978122223067
Predicted Alcohol Value  [ 9.71539297  9.57706657  9.63159118 10.58380207  9.71539297  9.65262143
  9.76242927 11.19931788 10.41360768 10.5451028   9.46462476 10.5451028
 10.8154011  10.21728646  9.12152662  9.25124634 10.5767317   9.500364
  9.82042817  9.22486158 10.70748259  9.75673057  9.614558    9.5994418
 10.01821345  9.65324609  9.94028612  9.614558    9.72398717 10.50763394
  9.96098075 10.23164062  9.76666922 10.63784331  9.20394863 10.21139214
 10.25634317 10.31320953 10.75703556 10.3626676  10.3626676   9.64537967
  9.70570169 10.69611217 10.22443482 12.07765344  9.86072596  9.94889329
  9.70651681  9.378861    9.8211365  10.49909541 10.5079781   9.79908061
 10.17207985  9.56037354 10.54148499  9.25966178  9.93393633 10.60773751
 10.24750772  9.63123269 10.38300297  9.80632555 10.77687852 10.77687852
  9.88790402  9.99717501 10.63551625 10.96355301  9.99700137 10.09703071
 10.06795329  9.47875495 10.08708042 10.53412557 10.53412557 10.47441019
 10.06788576  9.34149751  9.87934886  9.20139338  9.77083401  9.12956888
 10.471093   10.12122432 10.001753   10.27686025  9.87373014  9.3929635
  9.51006177 10.001753    9.83096433 10.27686025 11.20049547 12.5920418
 10.23765719  9.6336513  10.34221451  9.9209354  10.58042855 10.6182495
  9.9209354   9.94022232 10.07054346  9.94022232  9.05065542  9.73126553
 10.31797084  9.72702337  9.85861594  9.8195544   9.79160568 10.25838503
  9.85861594 10.16090957 10.11856629 10.09099145 10.42124008 10.07171143
  9.8660781  10.42124008  9.66020388 10.01728407 10.23178851  8.7768803
 11.25389902 11.25553911 11.50979384  9.99411926  9.88688065 11.64223112
 11.64223112 10.40767099 10.46400405 10.04510018  9.96408852 10.02044196
 10.17178645 10.09383665 10.04510018  9.96408852 12.86263525  9.82365732
 12.86263525  9.52686199 10.76107579  8.91172673 10.51619665 11.00209672
 10.57573863  8.05889168 10.51338081 10.51338081 10.56333662 10.56034611
 10.56333662 10.56034611  9.97054203 10.51691309  9.93772982  9.42210374
 10.1215622  10.19205683 10.17495173  9.91932667  9.98255042  9.89017733
 10.94335791  9.4030579   9.47081596  9.87184933  9.87184933 10.49119309
  9.89761188  9.95098006  9.89761188 10.95618945 10.16367014  9.9594113
  9.9594113   9.76177517  9.79875103  9.99147967 10.22282763  9.95172615
  9.57288914  9.72812118  9.43719635  9.38697124  9.52931331  9.88414363
  9.54268046  9.92652388  9.92652388  9.56823901 10.30962445 10.9881519
 12.66873134 11.09911012 10.99373645  9.22999154 10.22745541  9.80400673
 10.05233292 11.52635414 11.52635414  9.93025334  9.7770634  11.75336676
 12.16062554 10.59472966 11.37281812 10.3555339   9.71358383 10.34620337
  9.95317933 10.36594306 10.5065213   9.99925013 10.32489347  9.61134856
 10.50973548  9.73768035  9.63407086 10.60316727 10.61264871 10.14419238
 10.60316727 10.01639    11.89626468 10.39872332 10.01152122 10.01639
 10.54423235  9.86131386  9.86131386  9.86164272  9.86131386 10.54423235
  9.45624822 10.50924381  9.45239307 11.50070941 11.50070941 10.40747957
  9.57850721  9.86417876 10.28057033 10.40747957 10.40781866 10.01535447
 10.3177803  10.24392838 10.01535447 10.03467773  9.78877038  9.93981653
  9.14832518 10.39786296  9.96614714 10.09470981 10.43488567  9.92891927
 10.24822852 12.11795749  9.23218179 11.19695462 10.4479433  11.1644903
 10.83331076 11.1644903  10.44391075 10.08687774  9.96093691 10.83331076
 10.4479433  11.1644903  12.51751854 10.92382533 10.86453777 10.58157227
  9.92663827 10.92382533  9.21684016  9.21684016 10.03783483 10.28290969
 10.64146333  9.59586066 10.64146333 10.63228905  9.76978692 10.30824865
  9.84840343  8.92347372 10.18533587  9.94139257  9.7024381   9.96434183
 10.33023566 11.09433657  9.65885478 10.17074522  9.68729959  9.32968
 10.1703294   9.52746576  9.56882149 10.15352908  9.32968    10.35841274
 10.13300689  9.80654101 10.20503683 10.52873772  9.33395745 10.0885704
 10.89198218 10.0885704 ]
^^^^^^^^^^^^^^^^^^^^^^^^^^^^^^^^^^^^^^^^^^^^^^^^^^^^^^^^^^^^^^^^^^^^^^^^^^^^^^^^^^^^^^^^^^^^^^^^^^^^^^^^^^^^^^^^^^^^^^^^^^^^^^
^^^^^^^^^^^^^^^^^^^^^^^^^^^^^^^^^^^^^^^^^^^^^^^^^^^^^^^^^^^^^^^^^^^^^^^^^^^^^^^^^^^^^^^^^^^^^^^^^^^^^^^^^^^^^^^^^^^^^^^^^^^^^^
Fold : 2
RSS Value : 220.17131114573982
Predicted Alcohol Value  [10.47099642  8.7744017   9.49301491  9.9777322  10.03189944 10.03189944
 11.24730839 11.16401155 10.43239378 10.08955109 10.52149827 10.52149827
  9.61131295  9.89754259 10.74689038 10.93093772 12.05399437  9.61515156
  9.85778028 10.86995688 10.28960053 11.31867503 10.74012936 10.74012936
  9.48095343  9.70133842 11.68104898 11.55557657 10.02708794  9.54259406
  9.60749625  9.48214825  9.44217985 10.04914425 11.88141512 11.07222719
  9.93784007 11.60704838 10.33076639  9.62954624  9.33746069 10.13078989
  9.75813353 10.24907958  9.79106763 10.98654643  9.79106763  9.08417337
  8.93062013 11.66617611  9.92105553 10.34810682 11.07318667  9.29654042
  9.93847928 11.02043295 10.27363627 11.66617611 11.53187473  9.7323465
  9.77199451  9.72470143  9.77199451  9.77199451  9.51594956  9.72359407
  9.62044887  9.84034357  9.63195181  9.92161414 12.75637699  9.72470143
  9.50145573  9.51426101  9.74800263 10.46663029  9.21083196 10.43188683
 10.43188683  9.92029577  9.21083196 10.74421017  9.63358908  9.90929816
  9.37505247 10.79057426 10.21248087 10.45283634 11.28590394 10.82207131
  9.67027879  9.55399472  9.40055049 11.4878043   9.31626442  8.89806226
 11.31118026 10.14833819 10.23026892  9.76026071 10.73726446 11.17402444
 10.61139657 10.70048037 10.61139657 11.17402444 10.91560419  9.41999275
  9.47612658 10.23371952 10.70048037  9.25361536 11.78585329  9.41234014
  9.65137134  9.41234014 10.41300122 10.63093516  9.65137134  9.57535708
 10.49396282 10.19757926  9.5521948  11.54931744 12.00443704  9.41374239
  9.91332984 10.36617743 10.00431796 10.00861166 10.00861166  8.99371986
  9.77097053  9.94129134 10.89260921 11.64603909  9.62350649  9.19867885
  9.94129134  8.88321681 10.5001144   9.25527799 11.06808618  8.99867702
  9.74704072  9.68408907  9.96175945 12.2262906   9.5448205  10.44284334
  9.95575895 10.56151752 10.39599696 10.84727208 10.34622569  9.00232793
  9.85184624 10.73512557  9.00232793  9.64508683 10.58925225 11.4633678
  9.76083439  9.77275638 11.14089412 10.01017084 10.01017084  9.73464546
 10.40371399 10.19850578  9.99182253 12.3178883  12.36987252  9.28052543
 12.16268905 11.26931134  9.43699938  9.750376   11.26931134  9.28052543
  9.43699938 11.07431665 11.07431665 11.00148876 11.05640629 11.402584
 11.13747819  9.61736102  9.04030773 11.15362513 11.11582076  9.04030773
  9.92802502 10.77021227 10.77021227  9.0761125  10.3548143   8.76155561
 11.2051869  10.04542389 10.95466207  9.67312716  9.8311361   9.50940937
  9.78548715  9.1672714  10.04542389 10.45723456  9.37462745  9.81545101
  9.86661699  9.30490508  9.30490508 11.56323     9.08638718  9.86661699
  9.81545101 10.40783579 10.54488528 10.52673607  9.44172674 10.65850498
 10.11379005  9.45796603  9.51066552  8.85305179  9.61842049 10.49496619
 10.19751372 10.04795033 10.07234478  9.877395    9.686943   11.87446737
  9.14818894  9.14818894  9.34280059  9.19392242  9.34280059  9.95633443
 10.32927291  9.5058136   8.90451696  9.87423108  9.95633443 10.32927291
  9.13497177  9.13497177  9.93537821 11.33888419 10.37179529 11.33888419
  9.95185289  9.59140886  9.83564977 10.66594506 10.12264899  9.56914251
  9.57275504 10.25425537  9.51767366  9.51767366  9.35426741 10.65634347
 10.28704967  9.85676641 10.59996859  9.33149826 13.51216478 10.37228848
  9.49515198 11.25467054  9.49515198  9.08260725  9.59762869  9.78683825
  9.82492614 10.68512201  9.92046797  9.62797828 10.05366672  9.65232111
  9.38840371  9.65232111  8.92918965  9.39213374 11.68164301  9.85435375
  8.46855267 10.9735645   9.70691705  9.23654848 10.04481664 10.28032903
  9.78566628  9.62028633  9.62028633 10.40031611  9.02111964  9.87184968
  9.66391497  9.67919014  9.80851423 10.80868989  8.95178371  8.95178371
  9.26529927  9.26529927  9.93319075  9.60736478  9.93319075  9.9459963
 10.24657771  8.96833252  9.62645684 10.64249183  9.63513798  9.62088938
 10.58398298 10.60873482]
^^^^^^^^^^^^^^^^^^^^^^^^^^^^^^^^^^^^^^^^^^^^^^^^^^^^^^^^^^^^^^^^^^^^^^^^^^^^^^^^^^^^^^^^^^^^^^^^^^^^^^^^^^^^^^^^^^^^^^^^^^^^^^
^^^^^^^^^^^^^^^^^^^^^^^^^^^^^^^^^^^^^^^^^^^^^^^^^^^^^^^^^^^^^^^^^^^^^^^^^^^^^^^^^^^^^^^^^^^^^^^^^^^^^^^^^^^^^^^^^^^^^^^^^^^^^^
Fold : 3
RSS Value : 98.08035976774121
Predicted Alcohol Value  [10.07565037 10.07601877 10.07565037 10.07601877 10.07565037 10.62814682
  9.9745263   9.9219396  11.3627113  11.51835814  8.53065341  8.90240617
 13.97744404  9.96652852  8.77391804  8.06560118  8.53065341 10.39130412
  9.36215259 10.03235291  9.36215259  8.92283009  9.52795354 10.01148173
  9.14735607  8.9965927   8.99014498  9.32055262 10.75765261  9.32055262
  9.61692201  9.52211805  9.76441117  9.52211805  9.91009267  9.55602995
  9.91009267  9.87849274  9.79195886 10.61934898  9.55927717  9.94262735
  9.44640169 10.35591539  9.97867237 10.35591539  9.76043782  8.8399689
 10.15177614  9.89014152 11.17616626  9.62600513  8.88021875  9.58477834
  9.48530062 13.3337097   9.98522213  9.98522213  8.88138137 10.47466216
 10.22429148  9.98522213 10.0978415   9.45929256  9.2117786  10.15731461
 10.31062788  9.99062538 10.64406019  9.97398803  9.81676711  9.07085478
  9.01646656  9.47050684 10.17223424  9.66884302  9.47050684  9.19009653
  8.91403093  9.77184742  8.91403093  8.63543231  9.1726838   8.97624498
 11.42873892 10.08266223  9.37052161  9.40508587  9.40508587 11.72416602
  9.54216996  9.73771536  9.84666964  9.73812186  9.24361155  9.8858512
  9.8858512   8.87145458  8.6325583   9.17439459 11.87998656  9.39169574
  9.3308879   9.20253213  8.9375757  10.15633323  9.55163611  9.51350476
 10.12483805 10.15633323  9.30787138  9.30787138  9.30750077  9.30787138
  9.78200798 11.60147137 11.4857283   9.76975838  9.76975838  8.77672294
  9.59207656  9.85540125 10.16299505  9.85540125  9.54535152  9.61606239
  9.34367861  8.83446134  9.94468804 10.02114015  9.94468804  9.86610477
  9.76832574  9.88351139  9.93765596 10.69891395 10.360755   10.30693523
  9.93228694  9.60869785  9.30723733 10.13096982  9.70737995 10.13096982
  9.8017174   9.57789003  9.57789003  9.24541425  9.24541425  8.59306011
  9.95241716  9.15529882  9.81976061 10.20673862 11.66547697 10.36847598
  9.19277263 11.87438425 10.06390001 10.06390001  9.64933272  9.60408132
 12.35958684  9.5117562  10.26022563 12.72363991 12.29778929 12.72363991
  9.3091957   9.7152474  10.06911388 10.36862867 10.42779572 10.78071671
 11.0619178  10.42779572 10.00094686 12.25262785  9.41778026  8.74685066
  9.75467692 13.34308042 10.00902719 10.00902719  9.29811556  9.87266115
 11.58087693  9.87266115 12.73936091 11.93917989  9.98871503 11.93917989
 10.08172275 10.98086561 10.11608401  9.81590985 12.86058931 12.86058931
 11.30549893  9.32660756 11.82282468 10.10348509 11.30747085  9.72657167
 11.26542191 10.14200845 10.14200845 10.0847667  10.14200845 10.04563757
 10.29982956 10.29982956  9.24814335 11.53167246 11.53167246 11.99372734
 11.53167246 11.53426623 11.64903349 11.47638642  9.77308272 12.97978961
  9.68943855  9.7095521   9.77308272  9.75300749 11.61134571 11.58100738
 11.47638642 10.89588943 12.06193699 10.70119343 10.11978797 11.20533676
 11.1454999  11.57317222 10.26263034 12.06193699  9.8734589   9.7751186
 10.22697383 11.40375523 11.08892574  9.7751186   9.8734589   9.80490632
 10.00647984 12.16227973 10.9157902   8.75852133 10.38514929  9.79044002
 10.25068285  9.79044002  9.99131248 10.69985595 12.17109647 10.69985595
 12.17109647  9.31908358 11.59194205 10.91251951 10.91251951 11.43849325
 11.43849325  9.56430388 10.23543528 11.24801578 11.0951133  11.50764559
 11.63550031 10.72517568 11.70163494 12.03354898 11.50764559 11.43714114
 11.24185136 10.67666571 10.55781409 11.77816838  9.85645255 10.55781409
 11.77816838 10.67666571 10.9202235  11.80292263 11.00228452  9.06211735
 10.9202235  12.4455711  10.19157349  9.69122713 10.13744237  9.69122713
 10.19157349 11.77398271 11.77398271 10.23053898 12.34786605 11.39105965
 12.75486259 12.81350229 10.41343605 10.04468802 12.04166499 11.83399548
 12.23350836 12.07166382 12.02932434 12.02932434 12.02932434 12.07166382
 11.51918009 12.65872296 11.50583951 10.60266698 11.50162026 11.30434013
 11.18123287  9.58557791]
^^^^^^^^^^^^^^^^^^^^^^^^^^^^^^^^^^^^^^^^^^^^^^^^^^^^^^^^^^^^^^^^^^^^^^^^^^^^^^^^^^^^^^^^^^^^^^^^^^^^^^^^^^^^^^^^^^^^^^^^^^^^^^
^^^^^^^^^^^^^^^^^^^^^^^^^^^^^^^^^^^^^^^^^^^^^^^^^^^^^^^^^^^^^^^^^^^^^^^^^^^^^^^^^^^^^^^^^^^^^^^^^^^^^^^^^^^^^^^^^^^^^^^^^^^^^^
Fold : 4
RSS Value : 92.61662465333796
Predicted Alcohol Value  [10.91770648  9.67220097  9.54644758 10.68200864 10.91770648 11.41216455
 10.75378011  8.98538435 11.71150436 10.01167542 11.45873002 11.45873002
 11.54303211 11.35631341 11.89286904  9.6786455   9.6786455   8.7828684
 11.51408326 11.32277115 10.34296574 10.45231885 11.50267853 10.34296574
 11.32277115 10.83173038 11.81155035  9.49690037  9.24560521 10.79634234
  9.24560521  9.58599031  9.87696749  9.58599031  8.89913216 10.04659641
 12.27443672 12.27443672 10.65897018 12.54217557 11.81221989 11.17491452
 11.79655312 12.06309876  9.95605283 12.06309876 11.79655312 11.80364873
 11.71788698 10.22739753 12.30185451 10.53327233  9.97839588 10.11992697
 10.9737778  11.27510315 11.96574481 11.59310173 11.59310173 10.31235718
 11.82771167 11.82771167  9.96152248 11.10642968 10.59491535  9.84024867
 12.02569591 11.28981735 10.27027033 10.59491535 11.17499781 10.81070623
  9.62081666 10.3353356   9.88930945 11.00875852 11.62502071  9.72517034
 12.51475288 10.75492602 10.32862091 10.46994468 10.75492602 12.02517996
 11.98148289 10.45364159 10.12468721 10.15676665 10.71558855 10.71195885
 10.15676665  9.45530961 11.86334247 12.44847534  9.25639892  9.25639892
 11.68949013  8.79353192 11.15038073 11.68949013 10.7489517  12.17631603
 10.85707565 11.87154255 11.5641235  10.30126748 11.84163475 11.85970623
 11.85970623 10.09180024 11.72939939  9.5844852   9.78308136 10.17639792
  9.5844852  10.92490568 11.6007245  10.70191917 10.70191917 12.57807009
 11.79820977 12.56249327  9.91765796 11.19219771  9.91765796  9.00724441
 11.37411539 11.47492859 10.91540582 10.91540582 11.57394388 11.01024442
 11.05264882 11.63798742 10.47256145  9.65934602 10.47256145  9.79116353
 11.69425835  9.79116353 11.38405769 11.63911681 10.9130629  11.63911681
 11.93296154 11.19852362 11.43622009 11.87765368  9.45020389 10.33429446
 10.2400958  11.86611337 11.59418116  9.66647849 13.64819039 10.55098678
 10.55098678 10.55098678 11.75870488 11.82319139 12.93836582 11.36850227
 11.77623231 10.81629981 10.6382989  11.53935516 12.0336386  11.76945274
  9.79540128 10.67751157  9.59111216 10.07199457 12.41738047 10.94730089
 11.46844247 11.45665345 10.82523166 10.82523166  8.55152115  9.81210701
  9.92503127 10.64775615 11.39303065 10.81864771 10.34911333 11.28856058
 10.35841505 11.94172646 11.30313745 11.38975698 11.90461619 11.71324553
  9.79358188 11.00837168 10.99138698  9.79358188 11.49061635 12.05994172
 11.29230936 10.32174015 11.42051978 10.98899179 11.55571069 10.41590458
 10.41590458  9.60594429  9.6482366  11.67253756 10.72165049 11.0901632
 10.38683084 10.84849741 11.30393328 10.09819106 10.09819106 11.08737078
 11.29544354 12.13315833 12.04491483 10.77581552 10.77581552 11.33513073
 11.39570848  9.6179197  10.28577848 11.37857407 11.63006517 11.37857407
 10.28577848 10.28560458 11.56706829 10.71328093 12.31158662 10.66526028
  9.69436886 10.08684955  9.65042751 10.51857706 10.30955929  9.65042751
 10.51857706 11.54610461 12.07144036  9.96102988 11.41945403 11.41945403
 11.41945403 11.11121572 11.41945403 11.73732105 10.63534383  9.70863214
 10.63534383 10.67214881 10.67438181 11.35782611 10.13744075 11.4874187
 10.46273624 11.40087252 11.26616795 11.26616795  9.7664016  11.59981278
 10.66874247  8.48791325  9.26299241  9.90058846 12.87837745  9.80526421
 11.52991444 10.35671345  9.80526421 10.66653789 12.18823985 11.81881959
  9.7590108  12.18823985  9.22242332 10.94176531  9.55396915 10.01465502
 11.80304607  9.48262845 11.31814009 10.37391144  9.63151539 10.37391144
 11.16482048 10.80373099 10.80373099  9.7245887  10.07392014 10.59417985
 10.39099419 11.08840219  9.55489888 10.7477034  10.78618181 10.78618181
  9.94562097 11.22073075 10.01057171  9.27517035 11.83099078 10.53179584
 10.53179584 11.50049618 10.12806068 13.21227807 13.03867655 11.57130406
 10.76876903  9.6703316  10.92203691  9.87640849 11.59910419  9.89498031
  9.87640849 11.64743406]
^^^^^^^^^^^^^^^^^^^^^^^^^^^^^^^^^^^^^^^^^^^^^^^^^^^^^^^^^^^^^^^^^^^^^^^^^^^^^^^^^^^^^^^^^^^^^^^^^^^^^^^^^^^^^^^^^^^^^^^^^^^^^^
^^^^^^^^^^^^^^^^^^^^^^^^^^^^^^^^^^^^^^^^^^^^^^^^^^^^^^^^^^^^^^^^^^^^^^^^^^^^^^^^^^^^^^^^^^^^^^^^^^^^^^^^^^^^^^^^^^^^^^^^^^^^^^
Fold : 5
RSS Value : 102.24399756026314
Predicted Alcohol Value  [10.42573082 10.42573082 10.54337195 10.23823705 10.74414859 10.62163053
 11.82186668 11.78953785  9.12317786  9.12317786 10.71603042 10.43672839
 11.99698056  9.39771504 10.43672839  9.77815747  9.77815747 11.8777721
 11.95319538 11.51277574 11.69282001 11.13423337 11.41090104 10.96864596
  9.77930126  9.84707616 10.25337819 10.75617429 10.25337819  9.42061715
  9.84707616 11.89094067 11.12781095 10.45682362 10.47935396 10.02213303
 13.45645707 11.07799501 10.02213303 10.26882055 10.18111165 13.25207378
 11.55592066 11.59138927 10.74187724 10.74187724 10.74187724 10.74187724
  9.70757066 10.06280194 10.06280194 10.2501777   9.66331863  9.60733764
 10.15099969 11.35507534  9.85790364  9.85790364  9.85790364 10.52511615
 10.52511615 10.52511615 10.30874654 10.52511615 10.10398309 10.35516693
 10.75153262  9.82629259  9.82629259 10.58239754 10.60810159 11.63776024
  9.53931362  9.53931362 10.14707671  9.9922998  10.01474225 10.97564486
  9.9079658  10.89686919 10.21186256 10.15093731 10.89686919  9.7975246
 11.07752467  9.02266803  9.68491868  9.53642452 10.2175636  10.22472852
 10.09783361 11.66990851 10.09783361 10.0230492   9.67753967  9.67699415
 10.45799473 11.00396704  9.83950358 10.78843217 10.78843217 10.28450577
 10.05526384 10.05526384  9.32578293  9.86829506  9.80407999  9.80407999
 10.46316086  8.97724677 12.1708818  10.63952643 10.05858061 10.06765178
  9.47446761  9.99471752  9.79100409  9.82388943 10.75174707 10.87442331
  9.79176587  9.79176587 10.83701163 10.65201533  9.81854637 11.12139527
 10.61844066 10.98760571 11.56391403 10.98760571 11.90428678 10.81572839
 10.61844066 10.32897517  9.33560455  9.90439063  9.33560455 11.27308938
  9.87107911 10.06922689  9.87107911  9.54917814 10.55336261  9.97078058
  9.55393483  9.55393483  9.99872368 10.39190718  9.93323873 10.46076209
 10.30372361 10.19773656 10.9150279  10.44269554 10.81674817 10.81674817
  8.73963014 11.73179141  9.8792552  10.38177311 10.93304763  9.98300563
  9.41813405 11.49360304 10.38177311  9.98300563  9.41813405  9.41747621
  9.46335876 11.19262924 10.93304763 10.40390594 11.49353016  9.75854464
 10.32912414 11.27965604 11.23667368  9.75854464 10.6842464  11.58283361
  9.27278932  9.86499774 10.44179688 10.5072987  10.02989448 10.02989448
  9.72303082 10.1945885   9.72303082  8.99087486  9.66160441 12.12171725
 10.7511082  10.93249657 10.69443996 12.75034465 10.69443996 12.75034465
  9.65420589  9.86706587 10.50677301  9.86706587  9.36801688 10.77003787
 10.5141031  10.02486379 10.40992118 10.73714915 11.40732569 11.12693066
 11.80050151 11.40732569 11.61639713  9.56805266 10.84269838 10.7243634
  9.56805266 11.18240688 10.97214223 11.18240688 10.22888313 10.25199177
  9.75710558 10.94546556 10.70357069 10.02379095 11.03885481 10.70357069
  9.34790952 11.18597019  9.98704429  9.72473805 10.7750773  11.43737758
 10.26494131 10.26494131  9.74692692 10.70853963 10.01260305  9.85783539
 10.70853963  9.66696238  9.74692692 10.13053166 10.28113074  9.89724847
 10.10644682 10.39383494  9.93981805 10.41703108 11.13244705 10.52613581
  9.94448279  9.74918358 11.76351972 10.26710305 10.93886393 10.50908345
 10.84131315  9.77246824 10.88969714 10.44417996 10.58794321 11.15023695
 11.12376046 10.50869477 10.0017256  11.79153577 10.18943256 11.51141393
  9.25482481  9.30461555 10.92478359  9.38167587 10.72313576 11.22962647
 10.33637923 10.72313576  9.64355956  9.55456142  9.55456142  9.55456142
 10.15767314 10.15767314 10.15767314 10.88688189 10.75591462 10.15767314
  9.52625661 11.29852242 11.88282701 10.64454721  9.88039444 11.44668114
 12.79072107 11.10074718 10.77388877 11.3348093  10.74319236 11.18761953
 11.27245537 11.18761953 11.80644063  9.51059151 11.02926386 11.13760642
 11.28069494 10.93876505 11.42834567 10.23947381 11.44277828 11.6104089
 10.3263986  10.11812921 10.41148963 10.8018199  10.3263986  10.53361103
 10.65955028]
^^^^^^^^^^^^^^^^^^^^^^^^^^^^^^^^^^^^^^^^^^^^^^^^^^^^^^^^^^^^^^^^^^^^^^^^^^^^^^^^^^^^^^^^^^^^^^^^^^^^^^^^^^^^^^^^^^^^^^^^^^^^^^
Average RSS value 128.71441486986254
>>> 
